list(mu=c(0.00000E+00, 0.00000E+00, 0.00000E+00, 0.00000E+00, 0.00000E+00, 0.00000E+00), M=0.00000E+00, inv.sig2=1.00000E+00)
