structure(list(X = c(8, 0, 1, 1, 6, 2), N = c(19, 10, 26, 8, 
14, 7)), .Names = c("X", "N"))
