list(CDF = c(`8` = 0.996533333333333, `2` = 0.757533333333333, 
`11` = 0.999366666666667, `4` = 0.9826, `7` = 0.997033333333333, 
`4` = 0.988733333333333), HPD = structure(c(0.184532006313619, 
0.55401967843458, 0.0482287078325594, 0.397414804066443, 0.203945256588696, 
0.549120077005795, 0.142785812385562, 0.654546009682618, 0.187128810757572, 
0.628918581110868, 0.16127351307212, 0.710636589246081), .Dim = c(2L, 
6L), .Dimnames = list(c("Lower Bound", "Upper Bound"), c("8", 
"2", "11", "4", "7", "4"))))
