list(CDF = c(`8` = 0.997133333333333, `5` = 0.990533333333333, 
`12` = 0.999833333333333, `0` = 0.177433333333333, `9` = 0.999933333333333, 
`4` = 0.9891), HPD = structure(c(0.194750671169008, 0.596289387266871, 
0.181181521081088, 0.71813531170873, 0.263366281967733, 0.62140314866681, 
7.48262138826962e-07, 0.237000373428046, 0.327458973777984, 0.815735858473328, 
0.176630042065543, 0.78794559926375), .Dim = c(2L, 6L), .Dimnames = list(
    c("Lower Bound", "Upper Bound"), c("8", "5", "12", "0", "9", 
    "4"))))
