list(CDF = c(`12` = 1, `5` = 0.9925, `16` = 1, `5` = 0.997166666666667, 
`3` = 0.7279, `4` = 0.990666666666667), HPD = structure(c(0.377924460160399, 
0.793362259568294, 0.188344662817278, 0.720766510034145, 0.396507684549835, 
0.761785592556846, 0.231275157304095, 0.827071124180017, 0.044751062753167, 
0.403607510151521, 0.192112038297904, 0.801260550252951), .Dim = c(2L, 
6L), .Dimnames = list(c("Lower Bound", "Upper Bound"), c("12", 
"5", "16", "5", "3", "4"))))
