list(CDF = c(`10` = 0.9999, `2` = 0.715833333333333, `7` = 0.945033333333333, 
`4` = 0.982166666666667, `7` = 0.997966666666667, `5` = 0.9984
), HPD = structure(c(0.216912757555218, 0.660281929450208, 0.035456922090402, 
0.406181466228443, 0.120569023117498, 0.410322302868146, 0.141178724996062, 
0.684499634682836, 0.196740957306911, 0.652017368128399, 0.204253228030491, 
0.835140704529727), .Dim = c(2L, 6L), .Dimnames = list(c("Lower Bound", 
"Upper Bound"), c("10", "2", "7", "4", "7", "5"))))
