list(CDF = c(`8` = 0.9972, `8` = 1, `12` = 0.999866666666667, 
`5` = 0.997766666666667, `8` = 0.9998, `4` = 0.991233333333333
), HPD = structure(c(0.202151667293186, 0.607664087916488, 0.444782889605155, 
0.945443522824651, 0.262532095251502, 0.62446813420222, 0.25408766622774, 
0.846689000221736, 0.286200351275417, 0.76239144591061, 0.185754741490946, 
0.80806927550377), .Dim = c(2L, 6L), .Dimnames = list(c("Lower Bound", 
"Upper Bound"), c("8", "8", "12", "5", "8", "4"))))
